2.031646e+00
2.189078e+00
1.985563e+00
2.034694e+00
2.049697e+00
1.977209e+00
2.036384e+00
2.045617e+00
1.969041e+00
2.041366e+00
1.981500e+00
2.010030e+00
2.010734e+00
2.140782e+00
2.055001e+00
1.990962e+00
2.133582e+00
2.023633e+00
2.462625e+00
2.006285e+00
2.057509e+00
2.002249e+00
1.807856e+00
1.848445e+00
1.881501e+00
2.367360e+00
1.856192e+00
1.875822e+00
1.878900e+00
1.765992e+00
1.782663e+00
1.821611e+00
1.909615e+00
1.813712e+00
1.855673e+00
1.850615e+00
1.808907e+00
1.933442e+00
1.875343e+00
1.781365e+00
1.878773e+00
1.989286e+00
1.835698e+00
1.827842e+00
2.282258e+00
1.898010e+00
1.833910e+00
1.886838e+00
1.852090e+00
2.131410e+00
1.843166e+00
1.890642e+00
1.880439e+00
1.907482e+00
1.844950e+00
1.810820e+00
1.932952e+00
2.276764e+00
1.947665e+00
1.882278e+00
2.000047e+00
2.203846e+00
2.089861e+00
1.925417e+00
2.005228e+00
1.944627e+00
2.062586e+00
1.938624e+00
1.923746e+00
1.933637e+00
1.901437e+00
2.005857e+00
2.040883e+00
1.941418e+00
2.194516e+00
1.956127e+00
2.159366e+00
1.930577e+00
1.909005e+00
2.017651e+00
1.933618e+00
1.946322e+00
2.463841e+00
1.928795e+00
2.327686e+00
2.040216e+00
1.926430e+00
1.936976e+00
1.926158e+00
1.969150e+00
2.004307e+00
2.680863e+00
2.054205e+00
2.011164e+00
1.945437e+00
1.978024e+00
2.317396e+00
2.002249e+00
1.956782e+00
1.976430e+00
2.084889e+00
2.208187e+00
2.088876e+00
2.054939e+00
2.044327e+00
2.017787e+00
2.052932e+00
2.055074e+00
2.199244e+00
2.050507e+00
2.067561e+00
1.989004e+00
2.117856e+00
3.006267e+00
2.000179e+00
2.388417e+00
2.117677e+00
1.910943e+00
2.021062e+00
1.951733e+00
2.187745e+00
2.037672e+00
1.983643e+00
2.131569e+00
2.085324e+00
1.992642e+00
1.967506e+00
1.974372e+00
2.012841e+00
2.037163e+00
1.962353e+00
1.967778e+00
2.334527e+00
1.947070e+00
2.124785e+00
1.936603e+00
1.921234e+00
1.989999e+00
1.924088e+00
1.943232e+00
1.976753e+00
1.967032e+00
1.942643e+00
1.940349e+00
1.931864e+00
2.075940e+00
2.095252e+00
1.965032e+00
2.319708e+00
